FASE 1
307 ENTULHO 1000 650
308 ENTULHO 1150 550
309 ENTULHO 1200 650
310 ENTULHO 2500 650
311 ENTULHO 2625 650
312 ENTULHO 2625 550
313 ENTULHO 3500 650
314 ENTULHO 3490 550
315 ENTULHO 5000 650
316 ENTULHO 5125 650
317 ENTULHO 5125 550
318 ENTULHO 7000 650
319 ENTULHO 9230 550
320 ENTULHO 9355 550
321 ENTULHO 9200 650
322 ENTULHO 9325 650
323 ARAME_FARP 1325 650
324 ARAME_FARP 2300 650
325 ARAME_FARP 5000 550
326 ARAME_FARP 5700 650
327 ARAME_FARP 8000 650
328 ARAME_FARP 9075 650
329 ARAME_FARP 1700 650
330 ARAME_FARP 3900 650
331 ARAME_FARP 7200 650
332 ARAME_FARP 7325 650
333 ARAME_FARP 8000 550
334 ARAME_FARP 9800 650
336 INIM_FACIL 5 4049.56 632.5
337 INIM_FACIL 5 8685.06 632.5
338 INIM_MEDIO 10 3571.3 624.5
339 INIM_MEDIO 10 7108.26 624.5
340 INIM_MEDIO 10 8413.63 624.5
341 INIM_FACIL 5 6934.89 632.5
342 INIM_FACIL 5 9184.04 632.5
343 INIM_MEDIO 10 4593.67 624.5
344 INIM_MEDIO 10 5441.24 624.5
303 JOGADOR 1 9 10 1925.9 345.198
